
0.000000
-0.006354
-0.013649
-0.023359
-0.038801
-0.070929
-0.195920
0.423520
0.112701
0.067789
0.049531
0.039512
0.033121
0.028656
0.025340
0.022768
0.020707
0.019012
0.017590
0.016377
0.015328
0.014411
0.013602
0.012880
0.012233
0.011648
0.011117
0.010632
0.010187
0.009778
0.009399
0.009047
0.008720
0.008414
0.008128
0.007860
0.007607
0.007369
0.007145
0.006932
0.006730
0.006539
0.006356
0.006183
0.006017
0.005859
0.005708
0.005563
0.005424
0.005291
0.005163
0.005039
0.004921
0.004806
0.004696
0.004590
0.004487
0.004387
0.004291
0.004198
0.004107
0.004020
0.003935
0.003852
0.003772
0.003694
0.003618
0.003544
0.003472
0.003402
0.003333
0.003266
0.003201
0.003138
0.003075
0.003015
0.002955
0.002897
0.002840
0.002784
0.002730
0.002676
0.002624
0.002572
0.002522
0.002472
0.002423
0.002376
0.002329
0.002282
0.002237
0.002192
0.002148
0.002105
0.002063
0.002021
0.001979
0.001938
0.001898
0.001859
0.501820
0.001781
0.001743
0.001705
0.001668
0.001632
0.001595
0.001560
0.001524
0.001489
0.001455
0.001420
0.001386
0.001353
0.001320
0.001287
0.001254
0.001222
0.001190
0.001158
0.001127
0.001095
0.001064
0.001034
0.001003
0.000973
0.000943
0.000913
0.000884
0.000854
0.000825
0.000796
0.000767
0.000738
0.000709
0.000681
0.000653
0.000625
0.000596
0.000569
0.000541
0.000513
0.000485
0.000458
0.000431
0.000403
0.000376
0.000349
0.000322
0.000295
0.000268
0.000241
0.000214
0.000187
0.000160
0.000134
0.000107
0.000080
0.000053
0.000027
0.037112
0.075872
0.081307
0.092409
0.114510
0.166306
0.379550
-0.696125
-0.160168
-0.084472
-0.054692
-0.038975
-0.029369
-0.022952
-0.018399
-0.015026
-0.012443
-0.010412
-0.008783
-0.007452
-0.006349
-0.005424
-0.004639
-0.003966
-0.003385
-0.002880
-0.002437
-0.002047
-0.001702
-0.001394
-0.001118
-0.000871
-0.000648
-0.000445
-0.000262
-0.000095
0.000058
0.000198
0.000327
0.000445
0.000555
0.000656
0.000749
0.000836
0.000917
0.000993
0.001063
0.001129
0.001191
0.001248
0.001303
0.001354
0.001402
0.001447
0.001490
0.001530
0.001568
0.001604
0.001638
0.001671
0.001701
0.001730
0.001758
0.001785
0.001810
0.001834
0.001857
0.001878
0.001899
0.001919
0.001938
0.001956
0.001974
0.001990
0.002006
0.002022
0.002036
0.002050
0.002064
0.002077
0.002089
0.002101
0.002113
0.002124
0.002134
0.002145
0.002155
0.002164
0.002173
0.002182
0.002191
0.002199
0.002207
0.002214
0.002222
0.002229
0.002236
0.002242
0.002249
0.002255
0.002261
0.002267
0.002272
0.002278
0.002283
0.002288
0.002293
0.002298
0.002302
0.002307
0.002311
0.002315
0.002319
0.002323
0.002326
0.002330
0.002333
0.002337
0.002340
0.002343
0.002346
0.002349
0.002352
0.002354
0.002357
0.002360
0.002362
0.002364
0.002367
0.002369
0.002371
0.002373
0.002375
0.002376
0.002378
0.002380
0.002381
0.002383
0.002384
0.002386
0.002387
0.002388
0.002389
0.002390
0.002391
0.002392
0.002393
0.002394
0.002395
0.002395
0.002396
0.002397
0.002397
0.002398
0.002398
0.002398
0.002399
0.002399
0.002399
0.002399