
2.595701
2.378100
2.115930
1.820679
1.495764
1.140995
0.768476
0.385712
-0.007647
-0.400721
-0.783061
-1.155125
-1.508912
-1.832620
-2.126745
-2.387385
-2.603180
-2.774588
-2.902400
-2.977429
-3.000025
-2.975551
-2.898391
-2.768735
-2.595701
-2.378100
-2.115930
-1.820679
-1.495764
-1.140995
-0.768476
-0.385712
0.007647
0.400721
0.783061
1.155125
1.508912
1.832620
2.126745
2.387385
2.603180
2.774588
2.902400
2.977429
3.000025
2.975551
2.898391
2.768735
2.595701
2.378100
2.115930
1.820679
1.495764
1.140995
0.768476
0.385712
-0.007647
-0.400721
-0.783061
-1.155125
-1.508912
-1.832620
-2.126745
-2.387385
-2.603180
-2.774588
-2.902400
-2.977429
-3.000025
-2.975551
-2.898391
-2.768735
-2.595701
-2.378100
-2.115930
-1.820679
-1.495764
-1.140995
-0.768476
-0.385712
0.007647
0.400721
0.783061
1.155125
1.508912
1.832620
2.126745
2.387385
2.603180
2.774588
2.902400
2.977429
3.000025
2.975551
2.898391
2.768735
2.595701
2.378100
2.115930
1.820679
1.495764
1.140995
0.768476
0.385712
-0.007647
-0.400721
-0.783061
-1.155125
-1.508912
-1.832620
-2.126745
-2.387385
-2.603180
-2.774588
-2.902400
-2.977429
-3.000025
-2.975551
-2.898391
-2.768735
-2.595701
-2.378100
-2.115930
-1.820679
-1.495764
-1.140995
-0.768476
-0.385712
0.007647
0.400721
0.783061
1.155125
1.508912
1.832620
2.126745
2.387385
2.603180
2.774588
2.902400
2.977429
3.000025
2.975551
2.898391
2.768735
2.595701
2.378100
2.115930
1.820679
1.495764
1.140995
0.768476
0.385712
-0.007647
-0.400721
-0.783061
-1.155125
-1.508912
-1.832620
-2.126745
-2.387385
-2.603180
-2.774588
-2.902400
-2.977429
-3.000025
-2.975551
-2.898391
-2.768735
-2.595701
-2.378100
-2.115930
-1.820679
-1.495764
-1.140995
-0.768476
-0.385712
0.007647
0.400721
0.783061
1.155125
1.508912
1.832620
2.126745
2.387385
2.603180
2.774588
2.902400
2.977429
3.000025
2.975551
2.898391
2.768735
2.595701
2.378100
2.115930
1.820679
1.495764
1.140995
0.768476
0.385712
-0.007647
-0.400721
-0.783061
-1.155125
-1.508912
-1.832620
-2.126745
-2.387385
-2.603180
-2.774588
-2.902400
-2.977429
-3.000025
-2.975551
-2.898391
-2.768735
-2.595701
-2.378100
-2.115930
-1.820679
-1.495764
-1.140995
-0.768476
-0.385712
0.007647
0.400721
0.783061
1.155125
1.508912
1.832620
2.126745
2.387385
2.603180
2.774588
2.902400
2.977429
3.000025
2.975551
2.898391
2.768735
2.595701
2.378100
2.115930
1.820679
1.495764
1.140995
0.768476
0.385712
-0.007647
-0.400721
-0.783061
-1.155125
-1.508912
-1.832620
-2.126745
-2.387385
-2.603180
-2.774588
-2.902400
-2.977429
-3.000025
-2.975551
-2.898391
-2.768735
-2.595701
-2.378100
-2.115930
-1.820679
-1.495764
-1.140995
-0.768476
-0.385712
0.007647
0.400721
0.783061
1.155125
1.508912
1.832620
2.126745
2.387385
2.603180
2.774588
2.902400
2.977429
3.000025
2.975551
2.898391
2.768735
2.595701
2.378100