
2.898717
2.717974
2.492466
2.219111
1.910026
1.571745
1.201665
0.811294
0.411741
0.001277
-0.410950
-0.810946
-1.199306
-1.570631
-1.910175
-2.217306
-2.491198
-2.718597
-2.897740
-3.032502
-3.113137
-3.137020
-3.112135
-3.033730
-2.898717
-2.717974
-2.492466
-2.219111
-1.910026
-1.571745
-1.201665
-0.811294
-0.411741
-0.001277
0.410950
0.810946
1.199306
1.570631
1.910175
2.217306
2.491198
2.718597
2.897740
3.032502
3.113137
3.137020
3.112135
3.033730
2.898717
2.717974
2.492466
2.219111
1.910026
1.571745
1.201665
0.811294
0.411741
0.001277
-0.410950
-0.810946
-1.199306
-1.570631
-1.910175
-2.217306
-2.491198
-2.718597
-2.897740
-3.032502
-3.113137
-3.137020
-3.112135
-3.033730
-2.898717
-2.717974
-2.492466
-2.219111
-1.910026
-1.571745
-1.201665
-0.811294
-0.411741
-0.001277
0.410950
0.810946
1.199306
1.570631
1.910175
2.217306
2.491198
2.718597
2.897740
3.032502
3.113137
3.137020
3.112135
3.033730
2.898717
2.717974
2.492466
2.219111
1.910026
1.571745
1.201665
0.811294
0.411741
0.001277
-0.410950
-0.810946
-1.199306
-1.570631
-1.910175
-2.217306
-2.491198
-2.718597
-2.897740
-3.032502
-3.113137
-3.137020
-3.112135
-3.033730
-2.898717
-2.717974
-2.492466
-2.219111
-1.910026
-1.571745
-1.201665
-0.811294
-0.411741
-0.001277
0.410950
0.810946
1.199306
1.570631
1.910175
2.217306
2.491198
2.718597
2.897740
3.032502
3.113137
3.137020
3.112135
3.033730
2.898717
2.717974
2.492466
2.219111
1.910026
1.571745
1.201665
0.811294
0.411741
0.001277
-0.410950
-0.810946
-1.199306
-1.570631
-1.910175
-2.217306
-2.491198
-2.718597
-2.897740
-3.032502
-3.113137
-3.137020
-3.112135
-3.033730
-2.898717
-2.717974
-2.492466
-2.219111
-1.910026
-1.571745
-1.201665
-0.811294
-0.411741
-0.001277
0.410950
0.810946
1.199306
1.570631
1.910175
2.217306
2.491198
2.718597
2.897740
3.032502
3.113137
3.137020
3.112135
3.033730
2.898717
2.717974
2.492466
2.219111
1.910026
1.571745
1.201665
0.811294
0.411741
0.001277
-0.410950
-0.810946
-1.199306
-1.570631
-1.910175
-2.217306
-2.491198
-2.718597
-2.897740
-3.032502
-3.113137
-3.137020
-3.112135
-3.033730
-2.898717
-2.717974
-2.492466
-2.219111
-1.910026
-1.571745
-1.201665
-0.811294
-0.411741
-0.001277
0.410950
0.810946
1.199306
1.570631
1.910175
2.217306
2.491198
2.718597
2.897740
3.032502
3.113137
3.137020
3.112135
3.033730
2.898717
2.717974
2.492466
2.219111
1.910026
1.571745
1.201665
0.811294
0.411741
0.001277
-0.410950
-0.810946
-1.199306
-1.570631
-1.910175
-2.217306
-2.491198
-2.718597
-2.897740
-3.032502
-3.113137
-3.137020
-3.112135
-3.033730
-2.898717
-2.717974
-2.492466
-2.219111
-1.910026
-1.571745
-1.201665
-0.811294
-0.411741
-0.001277
0.410950
0.810946
1.199306
1.570631
1.910175
2.217306
2.491198
2.718597
2.897740
3.032502
3.113137
3.137020
3.112135
3.033730
2.898717
2.717974
2.492466